D = [-0.02618617352181726, 0.07734528978302009, 1.9632314333571397e-05, 0.000860909957982012, 0.0]
K = [934.9781887892307, 0.0, 469.0081865273956, 0.0, 934.244502867092, 361.5282389981273, 0.0, 0.0, 1.0]
R = [1.0, 0.0, 0.0, 0.0, 1.0, 0.0, 0.0, 0.0, 1.0]
P = [936.224853515625, 0.0, 469.4619191665988, 0.0, 0.0, 936.2862548828125, 361.022074718996, 0.0, 0.0, 0.0, 1.0, 0.0]
None
# oST version 5.0 parameters


[image]

width
960

height
720

[narrow_stereo]

camera matrix
934.978189 0.000000 469.008187
0.000000 934.244503 361.528239
0.000000 0.000000 1.000000

distortion
-0.026186 0.077345 0.000020 0.000861 0.000000

rectification
1.000000 0.000000 0.000000
0.000000 1.000000 0.000000
0.000000 0.000000 1.000000

projection
936.224854 0.000000 469.461919 0.000000
0.000000 936.286255 361.022075 0.000000
0.000000 0.000000 1.000000 0.000000

**** Calibrating ****
mono pinhole calibration...
D = [-0.02703357148429377, 0.07927078106269052, -0.0001211980056810968, 0.0008867572983392523, 0.0]
K = [934.7731666038188, 0.0, 469.64313876272365, 0.0, 933.9003744050106, 361.67013629593544, 0.0, 0.0, 1.0]
R = [1.0, 0.0, 0.0, 0.0, 1.0, 0.0, 0.0, 0.0, 1.0]
P = [936.1036987304688, 0.0, 470.10977797033047, 0.0, 0.0, 935.9345703125, 361.06980971465237, 0.0, 0.0, 0.0, 1.0, 0.0]
None
# oST version 5.0 parameters


[image]

width
960

height
720

[narrow_stereo]

camera matrix
934.773167 0.000000 469.643139
0.000000 933.900374 361.670136
0.000000 0.000000 1.000000

distortion
-0.027034 0.079271 -0.000121 0.000887 0.000000

rectification
1.000000 0.000000 0.000000
0.000000 1.000000 0.000000
0.000000 0.000000 1.000000

projection
936.103699 0.000000 470.109778 0.000000
0.000000 935.934570 361.069810 0.000000
0.000000 0.000000 1.000000 0.000000

('Wrote calibration data to', '/tmp/calibrationdata.tar.gz')
D = [-0.02703357148429377, 0.07927078106269052, -0.0001211980056810968, 0.0008867572983392523, 0.0]
K = [934.7731666038188, 0.0, 469.64313876272365, 0.0, 933.9003744050106, 361.67013629593544, 0.0, 0.0, 1.0]
R = [1.0, 0.0, 0.0, 0.0, 1.0, 0.0, 0.0, 0.0, 1.0]
P = [932.3652954101562, 0.0, 469.8866082989625, 0.0, 0.0, 930.1635131835938, 361.1072865149745, 0.0, 0.0, 0.0, 1.0, 0.0]
# oST version 5.0 parameters


[image]

width
960

height
720

[narrow_stereo]

camera matrix
934.773167 0.000000 469.643139
0.000000 933.900374 361.670136
0.000000 0.000000 1.000000

distortion
-0.027034 0.079271 -0.000121 0.000887 0.000000

rectification
1.000000 0.000000 0.000000
0.000000 1.000000 0.000000
0.000000 0.000000 1.000000

projection
932.365295 0.000000 469.886608 0.000000
0.000000 930.163513 361.107287 0.000000
0.000000 0.000000 1.000000 0.000000
