# oST version 5.0 parameters


[image]

width
960

height
720

[narrow_stereo]

camera matrix
958.907226 0.000000 467.013956
0.000000 960.453605 365.379441
0.000000 0.000000 1.000000

distortion
-0.086297 0.097179 0.001513 0.000325 0.000000

rectification
1.000000 0.000000 0.000000
0.000000 1.000000 0.000000
0.000000 0.000000 1.000000

projection
942.777039 0.000000 466.532918 0.000000
0.000000 949.100403 365.599862 0.000000
0.000000 0.000000 1.000000 0.000000
