D = [-0.08629726234156421, 0.09717926892677678, 0.0015129346959132117, 0.00032536710891486884, 0.0]
K = [958.9072256073217, 0.0, 467.0139559163278, 0.0, 960.4536054989594, 365.37944076365665, 0.0, 0.0, 1.0]
R = [1.0, 0.0, 0.0, 0.0, 1.0, 0.0, 0.0, 0.0, 1.0]
P = [942.7770385742188, 0.0, 466.5329175979423, 0.0, 0.0, 949.1004028320312, 365.59986183233013, 0.0, 0.0, 0.0, 1.0, 0.0]
# oST version 5.0 parameters


[image]

width
960

height
720

[narrow_stereo]

camera matrix
958.907226 0.000000 467.013956
0.000000 960.453605 365.379441
0.000000 0.000000 1.000000

distortion
-0.086297 0.097179 0.001513 0.000325 0.000000

rectification
1.000000 0.000000 0.000000
0.000000 1.000000 0.000000
0.000000 0.000000 1.000000

projection
942.777039 0.000000 466.532918 0.000000
0.000000 949.100403 365.599862 0.000000
0.000000 0.000000 1.000000 0.000000
